Fail{ input: [0, 0, 0, 0, 1, 1, 1, 1, 0, 1, 0, 1, 1, 1, 0, 1], output: [0, 0, 1, 0] }, cant:9
{ input: [1, 1, 1, 1, 0, 1, 0, 1, 0, 1, 1, 1, 0, 1, 0, 1], output: [0, 0, 1, 0] }, cant:11
{ input: [0, 1, 0, 0, 0, 1, 1, 1, 0, 0, 1, 1, 1, 1, 0, 0], output: [0, 0, 1, 0] }, cant:8
{ input: [1, 0, 0, 0, 1, 0, 1, 0, 0, 1, 1, 0, 1, 0, 1, 0], output: [0, 1, 0, 0] }, cant:7
{ input: [0, 0, 1, 0, 0, 0, 1, 0, 0, 0, 1, 0, 0, 1, 0, 0], output: [0, 1, 0, 0] }, cant:4
{ input: [0, 1, 1, 1, 1, 0, 0, 0, 1, 1, 0, 0, 1, 1, 1, 1], output: [0, 0, 1, 0] }, cant:10
Fail{ input: [0, 0, 0, 0, 0, 1, 1, 1, 1, 0, 0, 1, 0, 1, 0, 1], output: [0, 1, 0, 0] }, cant:7
{ input: [0, 0, 1, 1, 1, 1, 1, 0, 0, 1, 1, 0, 1, 1, 0, 0], output: [0, 0, 1, 0] }, cant:9
{ input: [1, 0, 0, 0, 1, 1, 1, 1, 0, 0, 1, 0, 1, 0, 0, 0], output: [0, 1, 0, 0] }, cant:7
{ input: [1, 0, 1, 1, 0, 1, 1, 1, 0, 1, 0, 0, 1, 0, 0, 1], output: [0, 0, 1, 0] }, cant:9

After training

{ input: [0, 0, 0, 0, 1, 1, 1, 1, 0, 1, 0, 1, 1, 1, 0, 1], output: [0, 0, 1, 0] }, cant:9
{ input: [1, 1, 1, 1, 0, 1, 0, 1, 0, 1, 1, 1, 0, 1, 0, 1], output: [0, 0, 1, 0] }, cant:11
{ input: [0, 1, 0, 0, 0, 1, 1, 1, 0, 0, 1, 1, 1, 1, 0, 0], output: [0, 0, 1, 0] }, cant:8
{ input: [1, 0, 0, 0, 1, 0, 1, 0, 0, 1, 1, 0, 1, 0, 1, 0], output: [0, 1, 0, 0] }, cant:7
{ input: [0, 0, 1, 0, 0, 0, 1, 0, 0, 0, 1, 0, 0, 1, 0, 0], output: [0, 1, 0, 0] }, cant:4
{ input: [0, 1, 1, 1, 1, 0, 0, 0, 1, 1, 0, 0, 1, 1, 1, 1], output: [0, 0, 1, 0] }, cant:10
{ input: [0, 0, 0, 0, 0, 1, 1, 1, 1, 0, 0, 1, 0, 1, 0, 1], output: [0, 1, 0, 0] }, cant:7
{ input: [0, 0, 1, 1, 1, 1, 1, 0, 0, 1, 1, 0, 1, 1, 0, 0], output: [0, 0, 1, 0] }, cant:9
{ input: [1, 0, 0, 0, 1, 1, 1, 1, 0, 0, 1, 0, 1, 0, 0, 0], output: [0, 1, 0, 0] }, cant:7
{ input: [1, 0, 1, 1, 0, 1, 1, 1, 0, 1, 0, 0, 1, 0, 0, 1], output: [0, 0, 1, 0] }, cant:9
