[0,1,0,1,0,0,0,1,0,0,1,1,1,0,0,1], [0,1,0,0]
Fail[0,0,0,0,0,1,0,0,0,0,0,1,0,0,1,0]  [1,0,0,0]
Fail[0,0,0,0,0,0,0,0,0,0,1,0,0,1,0,0]  [1,0,0,0]
Fail[1,1,1,1,1,1,1,1,1,0,0,1,1,1,1,0]  [0,0,0,1]
[1,0,1,1,0,0,1,1,0,1,1,0,0,1,1,0]  [0,0,1,0]
[1,0,1,1,1,0,1,1,1,1,1,1,1,1,1,0]  [0,0,0,1]
[1,0,0,1,1,1,1,1,0,0,0,0,0,0,0,0]  [0,1,0,0]
[0,1,1,1,0,0,0,0,0,1,1,1,1,1,1,1]  [0,0,1,0]
Fail[0,1,1,0,0,1,0,0,1,0,1,1,0,1,0,1]  [0,0,1,0]
Fail[1,1,0,1,0,0,1,1,1,1,1,0,1,1,1,1]  [0,0,0,1]

After train
[0,1,0,1,0,0,0,1,0,0,1,1,1,0,0,1], [0,1,0,0]
[0,0,0,0,0,1,0,0,0,0,0,1,0,0,1,0]  [1,0,0,0]
[0,0,0,0,0,0,0,0,0,0,1,0,0,1,0,0]  [1,0,0,0]
[1,1,1,1,1,1,1,1,1,0,0,1,1,1,1,0]  [0,0,0,1]
[1,0,1,1,0,0,1,1,0,1,1,0,0,1,1,0]  [0,0,1,0]
[1,0,1,1,1,0,1,1,1,1,1,1,1,1,1,0]  [0,0,0,1]
[1,0,0,1,1,1,1,1,0,0,0,0,0,0,0,0]  [0,1,0,0]
[0,1,1,1,0,0,0,0,0,1,1,1,1,1,1,1]  [0,0,1,0]
[0,1,1,0,0,1,0,0,1,0,1,1,0,1,0,1]  [0,0,1,0]
[1,1,0,1,0,0,1,1,1,1,1,0,1,1,1,1]  [0,0,0,1]
