Win { input: [0, 0, 1, 0, 0, 0, 0, 1, 1, 0, 1, 1, 1, 0, 1, 1], output: [ [0, 0, 1, 0] ] },
Win { input: [1, 1, 1, 1, 0, 1, 1, 0, 0, 0, 0, 0, 1, 0, 0, 0], output: [ [0, 1, 0, 0] ] },
Win { input: [0, 1, 0, 0, 1, 1, 0, 0, 0, 1, 0, 0, 0, 0, 1, 0], output: [ [0, 1, 0, 0] ] },
Win { input: [0, 0, 1, 1, 0, 0, 1, 0, 0, 1, 0, 0, 1, 1, 0, 0], output: [ [0, 1, 0, 0] ] },
Fail{ input: [0, 1, 0, 1, 1, 0, 0, 0, 0, 0, 1, 1, 1, 0, 1, 0], output: [ [0, 1, 0, 0] ] },
Win { input: [0, 0, 0, 1, 0, 0, 1, 1, 1, 1, 1, 1, 0, 1, 0, 0], output: [ [0, 0, 1, 0] ] },
Win { input: [1, 1, 0, 1, 0, 0, 1, 0, 0, 0, 0, 0, 0, 0, 1, 1], output: [ [0, 1, 0, 0] ] },
Win { input: [0, 1, 0, 0, 1, 0, 0, 1, 0, 1, 1, 0, 1, 0, 1, 1], output: [ [0, 0, 1, 0] ] },
Win { input: [0, 1, 1, 0, 0, 0, 0, 1, 1, 0, 1, 0, 1, 0, 1, 1], output: [ [0, 0, 1, 0] ] },
Win { input: [1, 1, 1, 0, 1, 0, 0, 1, 1, 0, 0, 0, 0, 0, 0, 1], output: [ [0, 1, 0, 0] ] }

After training
Win { input: [0, 0, 1, 0, 0, 0, 0, 1, 1, 0, 1, 1, 1, 0, 1, 1], output: [ [0, 0, 1, 0] ] }, cant:8
Win { input: [1, 1, 1, 1, 0, 1, 1, 0, 0, 0, 0, 0, 1, 0, 0, 0], output: [ [0, 1, 0, 0] ] }, cant:7
Win { input: [0, 1, 0, 0, 1, 1, 0, 0, 0, 1, 0, 0, 0, 0, 1, 0], output: [ [0, 1, 0, 0] ] }, cant:5
Win { input: [0, 0, 1, 1, 0, 0, 1, 0, 0, 1, 0, 0, 1, 1, 0, 0], output: [ [0, 1, 0, 0] ] }, cant:6
Win { input: [0, 1, 0, 1, 1, 0, 0, 0, 0, 0, 1, 1, 1, 0, 1, 0], output: [ [0, 1, 0, 0] ] }, cant:7
Win { input: [0, 0, 0, 1, 0, 0, 1, 1, 1, 1, 1, 1, 0, 1, 0, 0], output: [ [0, 0, 1, 0] ] }, cant:8
Win { input: [1, 1, 0, 1, 0, 0, 1, 0, 0, 0, 0, 0, 0, 0, 1, 1], output: [ [0, 1, 0, 0] ] }, cant:6
Win { input: [0, 1, 0, 0, 1, 0, 0, 1, 0, 1, 1, 0, 1, 0, 1, 1], output: [ [0, 0, 1, 0] ] }, cant:8
Win { input: [0, 1, 1, 0, 0, 0, 0, 1, 1, 0, 1, 0, 1, 0, 1, 1], output: [ [0, 0, 1, 0] ] }, cant:8
Win { input: [1, 1, 1, 0, 1, 0, 0, 1, 1, 0, 0, 0, 0, 0, 0, 1], output: [ [0, 1, 0, 0] ] }, cant:7
